0,505
0,504
0,503
0,502
0,501
0,500
0,499
0,498
0,497
0,496
0,495
0,494
0,493
0,492
0,491
0,490
0,489
0,488
0,487
0,486
0,485
0,484
0,483
0,482
0,481
0,480
0,479
0,478
0,477
0,476
57,6
57,5
0,475
57,4
57,3
57,2
57,1
57,0
0,474
0,473
0,472
0,471
0,243
0,470
56,4
56,3
56,2
0,469
56,1
56,0
0,468
0,467
0,466
0,465
0,464
0,463
55,4
55,3
55,2
0,462
55,1
55,0
0,461
0,460
0,459
0,458
0,457
0,456
54,4
54,3
54,2
54,1
54,0
0,455
0,454
0,453
53,4
53,3
53,2
53,1
53,0
0,452
0,451
0,450
52,4
52,3
52,2
0,449
52,1
52,0
0,448
0,447
0,446
51,4
51,3
51,2
51,1
51,0
50,4
50,3
50,2
50,1
50,0
49,5
49,4
49,3
49,2
49,1
49,0
48,4
48,3
48,2
48,1
48,0
47,3
47,2
47,1
47,0
46,3
46,2
46,1
46,0
45,3
45,2
45,1
45,0
27,0
0,445
